1, 1.TXT, 171, 3
2, 2.TXT, 171, 4
3, 3.TXT, 171, 5
4, 4.TXT, 171, 6
5, 5.TXT, 171, 7
6, 6.TXT, 171, 8
7, 7.TXT, 171, 9
8, 8.TXT, 171, 10
9, 9.TXT, 171, 11
10, 10.TXT, 171, 12
11, 11.TXT, 171, 13
12, 12.TXT, 171, 14
13, 13.TXT, 171, 15
14, 14.TXT, 171, 16
15, 15.TXT, 171, 17
16, N16.TXT, 171, 70
17, N17.TXT, 171, 71
18, N18.TXT, 171, 72
19, N19.TXT, 171, 73
20, N20.TXT, 171, 74
21, N21.TXT, 171, 75
22, N22.TXT, 171, 76
23, N23.TXT, 171, 77
24, N24.TXT, 171, 78
25, N25.TXT, 171, 79
26, N26.TXT, 171, 80
27, N27.TXT, 171, 81
28, N28.TXT, 171, 82
29, N29.TXT, 171, 83
30, N30.TXT, 171, 84
31, ?1.TXT, 171, 34
32, ?2.TXT, 171, 35
33, 33.TXT, 171, 37
34, 34.TXT, 171, 38
35, 35.TXT, 171, 39
36, 36.TXT, 171, 40
37, 37.TXT, 171, 41
38, 38.TXT, 171, 42
39, 39.TXT, 171, 43
40, 40.TXT, 171, 44
41, 41.TXT, 171, 45
42, 42.TXT, 171, 46
43, 43.TXT, 171, 47
44, 44.TXT, 171, 48
45, 45.TXT, 171, 49
46, 46.TXT, 171, 50
47, 47.TXT, 171, 51
48, 48.TXT, 171, 52
49, 49.TXT, 171, 54
50, 50.TXT, 171, 55
51, 51.TXT, 171, 56
52, 52.TXT, 171, 57
53, 53.TXT, 171, 58
54, 54.TXT, 171, 59
55, 55.TXT, 171, 60
56, 56.TXT, 171, 61
57, 57.TXT, 171, 62
58, 58.TXT, 171, 63
59, 59.TXT, 171, 64
60, 60.TXT, 171, 65
61, 61.TXT, 171, 66
62, 62.TXT, 171, 67
63, 63.TXT, 171, 68
64, 64.TXT, 171, 69
